image_width: 640
image_height: 480
camera_name: mv_camera
camera_matrix:
  rows: 3
  cols: 3
  data: [1397.081428, 0.000000, 232.989344, 0.000000, 1398.439727, 197.264791, 0.000000, 0.000000, 1.000000]
distortion_model: plumb_bob
distortion_coefficients:
  rows: 1
  cols: 5
  data: [-0.004842, -0.014028, -0.007195, -0.026920, 0.000000]
rectification_matrix:
  rows: 3
  cols: 3
  data: [1.000000, 0.000000, 0.000000, 0.000000, 1.000000, 0.000000, 0.000000, 0.000000, 1.000000]
projection_matrix:
  rows: 3
  cols: 4
  data: [1382.118286, 0.000000, 226.381668, 0.000000, 0.000000, 0.000000, 1405.497925, 195.724460, 0.000000, 0.000000, 0.000000, 1.000000, 0.000000]
