image_width: 640
image_height: 480
camera_name: mv_camera
camera_matrix:
  rows: 3
  cols: 3
  data: [1049.533486, 0.000000, 291.573351, 0.000000, 1036.438675, 268.412129, 0.000000, 0.000000, 1.000000]
distortion_model: plumb_bob
distortion_coefficients:
  rows: 1
  cols: 5
  data: [-0.345274, -0.059722, -0.012163, -0.018556, 0.000000]
rectification_matrix:
  rows: 3
  cols: 3
  data: [1.000000, 0.000000, 0.000000, 0.000000, 1.000000, 0.000000, 0.000000, 0.000000, 1.000000]
projection_matrix:
  rows: 3
  cols: 4
  data: [1005.283325, 0.000000, 282.545271, 0.000000, 0.000000, 1016.498779, 266.828615, 0.000000, 0.000000, 0.000000, 1.000000, 0.000000]
