image_width: 640
image_height: 480
camera_name: mv_camera
camera_matrix:
  rows: 3
  cols: 3
  data: [1005.9005902832537, 0.0, 343.4712141751905, 0.0, 1008.7762145054044, 245.4059378539811, 0.0, 0.0, 1.0]
distortion_model: plumb_bob
distortion_coefficients:
  rows: 1
  cols: 5
  data: [-0.5117361618802505, 0.22815237034411176, 0.020309337780247513, -0.013544531466926215, 0.0]
rectification_matrix:
  rows: 3
  cols: 3
  data: [1.000000, 0.000000, 0.000000, 0.000000, 1.000000, 0.000000, 0.000000, 0.000000, 1.000000]
projection_matrix:
  rows: 3
  cols: 4
  data: [1030.464111328125, 0.0, 412.9234023761528, 0.0, 0.0, 1048.703857421875, 124.18710957698204, 0.0, 0.0, 0.0, 1.0, 0.0]
