image_width: 1280
image_height: 1024
camera_name: mv_camera
camera_matrix:
  rows: 3
  cols: 3
  data: [1451.737486, 0.000000, 687.238287, 0.000000, 1447.938220, 495.271209, 0.000000, 0.000000, 1.000000]
distortion_model: plumb_bob
distortion_coefficients:
  rows: 1
  cols: 5
  data: [-0.039127, 0.432323, -0.010916, 0.014734, 0.000000]
rectification_matrix:
  rows: 3
  cols: 3
  data: [1.000000, 0.000000, 0.000000, 0.000000, 1.000000, 0.000000, 0.000000, 0.000000, 1.000000]
projection_matrix:
  rows: 3
  cols: 4
  data: [1494.706665, 0.000000, 696.239513, 0.000000, 0.000000, 1492.530762, 488.013467, 0.000000, 0.000000, 0.000000, 1.000000, 0.000000]
