image_width: 640
image_height: 480
camera_name: narrow_stereo
camera_matrix:
  rows: 3
  cols: 3
  data: [1085.053193, 0.000000, 157.975367, 0.000000, 1104.808167, 248.533354, 0.000000, 0.000000, 1.000000]
distortion_model: plumb_bob
distortion_coefficients:
  rows: 1
  cols: 5
  data: [-0.380368, -0.289785, -0.004257, 0.027827, 0.000000]
rectification_matrix:
  rows: 3
  cols: 3
  data: [1.000000, 0.000000, 0.000000, 0.000000, 1.000000, 0.000000, 0.000000, 0.000000, 1.000000]
projection_matrix:
  rows: 3
  cols: 4
  data: [1028.575317, 0.000000, 152.954881, 0.000000, 0.000000, 1083.436646, 247.634381, 0.000000, 0.000000, 0.000000, 1.000000, 0.000000]
